540,866,2030,2098
673,40,2111,2010
878,425,2055,2038
529,939,2003,2063
892,762,2081,2085
734,412,2107,2052
832,400,2003,2023
689,312,2092,2115
40,599,2086,2033
794,786,2101,2038
442,90,2113,2018
993,145,2031,2098
901,995,2006,2081
9,804,2077,2108
196,114,2020,2018
266,784,2108,2102
748,988,2082,2108
121,309,2022,2008
887,35,2099,2094
291,749,2038,2046
461,890,2098,2083
162,253,2082,2087
80,774,2037,2088
747,270,2011,2026
2,936,2066,2044
638,379,2105,2105
793,816,2081,2064
690,72,2039,2100
406,362,2006,2086
154,877,2016,2113
862,703,2012,2005
392,284,2046,2058
647,311,2026,2031
207,618,2048,2010
146,536,2118,2096
60,665,2038,2028
731,35,2100,2032
462,740,2105,2087
489,349,2031,2013
974,191,2059,2040
321,705,2073,2117
747,777,2019,2003
828,320,2076,2037
551,177,2038,2080
358,914,2012,2112
147,505,2070,2091
207,323,2066,2094
992,303,2024,2071
184,342,2095,2092
393,364,2012,2090
315,695,2009,2069
229,389,2116,2094
833,827,2048,2042
996,937,2037,2048
437,403,2098,2096
45,262,2074,2005
171,543,2038,2062
933,391,2051,2011
429,555,2042,2077
371,750,2061,2006
72,939,2046,2026
133,284,2028,2057
29,226,2061,2053
816,788,2111,2058
493,176,2081,2046
388,632,2086,2023
886,438,2029,2062
451,832,2009,2020
708,418,2049,2081
775,46,2073,2060
581,82,2009,2042
345,775,2032,2094
267,813,2095,2039
934,277,2052,2034
796,351,2111,2002
113,223,2026,2090
365,637,2108,2054
723,300,2060,2060
421,873,2008,2113
15,97,2057,2084
271,801,2116,2038
436,765,2003,2042
233,129,2065,2081
218,934,2077,2008
631,756,2092,2063
63,744,2007,2107
955,533,2021,2056
486,9,2062,2070
942,46,2045,2024
163,270,2017,2052
841,906,2045,2050
501,257,2107,2030
547,937,2106,2083
743,929,2012,2108
528,130,2114,2000
552,796,2060,2073
995,34,2070,2093
934,387,2000,2090
284,427,2006,2072
27,228,2050,2034
891,338,2040,2018
72,533,2020,2103
787,34,2044,2052
361,621,2086,2051
824,664,2075,2090
245,605,2050,2077
602,701,2017,2015
754,617,2044,2051
121,567,2036,2108
272,45,2101,2021
937,650,2106,2050
357,838,2058,2103
874,896,2029,2021
611,347,2039,2050
406,516,2059,2033
74,424,2062,2001
84,157,2044,2019
290,713,2003,2045
21,258,2044,2016
772,8,2085,2041
506,155,2099,2080
621,960,2083,2030
627,727,2067,2050
430,228,2022,2035
517,736,2066,2072
17,686,2060,2016
647,128,2083,2008
897,332,2114,2060
982,906,2106,2118
879,871,2071,2031
856,165,2084,2114
812,820,2070,2070
157,346,2043,2053
581,211,2081,2043
166,5,2063,2116
870,216,2058,2051
221,695,2035,2073
99,911,2064,2000
748,74,2017,2034
709,253,2051,2084
596,750,2094,2052
602,518,2038,2066
706,271,2029,2065
22,696,2064,2088
368,307,2054,2006
786,379,2026,2018
469,521,2105,2107
669,206,2073,2055
392,3,2099,2033
424,811,2117,2017
216,92,2061,2047
19,464,2110,2064
660,498,2061,2093
999,554,2055,2021
743,392,2091,2022
433,926,2050,2104
604,735,2053,2092
23,875,2043,2080
420,681,2076,2091
421,518,2001,2028
225,409,2020,2057
493,76,2055,2112
794,306,2004,2045
768,309,2084,2109
358,941,2067,2068
510,746,2088,2009
758,770,2098,2015
267,332,2004,2095
822,500,2118,2012
55,614,2042,2081
55,896,2115,2028
542,819,2119,2051
334,47,2057,2078
319,310,2024,2009
377,436,2036,2061
470,361,2082,2075
505,824,2051,2084
886,245,2051,2089
906,142,2085,2088
947,581,2012,2044
247,497,2119,2080
906,399,2003,2109
124,56,2009,2013
675,852,2059,2046
390,670,2094,2042
205,124,2008,2113
565,454,2018,2115
45,731,2084,2026
809,796,2108,2017
604,213,2084,2080
433,896,2082,2057
457,228,2002,2018
418,994,2101,2081
308,687,2025,2013
666,797,2064,2076
588,692,2014,2058
949,283,2095,2064
525,845,2046,2032
755,395,2018,2087
59,96,2118,2062
401,825,2076,2022
738,488,2025,2076
542,240,2094,2039
772,828,2073,2108
402,280,2112,2066
335,283,2014,2012
537,192,2032,2038
285,643,2035,2105
945,227,2054,2057
717,656,2047,2080
650,10,2073,2064
656,740,2020,2049
165,762,2059,2098
419,413,2082,2042
139,274,2110,2117
762,741,2029,2070
608,757,2019,2107
52,580,2007,2045
259,46,2042,2060
602,810,2093,2110
661,75,2024,2117
240,33,2006,2093
48,311,2067,2100
526,14,2089,2047
464,644,2047,2024
346,261,2040,2037
33,747,2002,2043
621,87,2090,2089
986,810,2116,2047
359,607,2039,2074
714,861,2105,2082
425,206,2091,2091
7,261,2082,2021
431,251,2057,2072
434,432,2002,2013
209,292,2081,2083
193,321,2016,2083
574,619,2048,2101
293,902,2002,2117
672,942,2009,2047
858,594,2097,2097
173,631,2005,2064
438,158,2008,2051
887,203,2099,2029
159,147,2042,2038
533,796,2027,2033
194,868,2058,2087
661,726,2057,2075
798,150,2019,2030
972,272,2054,2092
962,896,2114,2004
118,868,2013,2101
512,189,2024,2024
547,537,2024,2025
969,555,2047,2005
32,435,2006,2011
681,532,2015,2081
465,819,2041,2030
613,793,2024,2102
271,683,2014,2037
445,415,2021,2033
696,68,2065,2000
102,617,2071,2018
388,454,2019,2062
278,935,2076,2051
403,18,2029,2061
978,620,2004,2100
328,525,2119,2066
315,886,2100,2060
193,997,2102,2055
695,726,2009,2098
830,57,2108,2014
446,968,2000,2056
959,412,2081,2101
392,256,2103,2038
517,78,2017,2016
891,602,2025,2056
584,786,2081,2014
165,699,2099,2083
913,178,2083,2064
874,57,2097,2116
478,255,2007,2020
287,197,2074,2025
533,451,2088,2029
172,55,2084,2106
186,874,2084,2035
825,149,2119,2090
64,285,2092,2098
850,334,2096,2020
48,453,2045,2021
371,586,2045,2031
224,717,2068,2116
575,101,2068,2029
823,633,2067,2082
742,842,2108,2061
815,501,2016,2012
195,874,2046,2072
708,604,2000,2007
313,720,2034,2085
680,402,2060,2054
936,243,2026,2029
733,976,2086,2056
885,926,2038,2095
801,803,2018,2072
206,364,2110,2038
725,279,2117,2012
284,183,2099,2075
197,986,2034,2051
364,877,2013,2066
510,515,2000,2047
322,789,2067,2107
218,822,2118,2012
521,609,2037,2047
580,906,2070,2054
371,372,2050,2111
695,582,2033,2057
789,371,2007,2049
243,990,2052,2011
423,464,2052,2041
213,95,2039,2113
915,581,2020,2068
761,875,2031,2047
554,491,2041,2043
803,103,2117,2050
428,382,2034,2008
5,816,2119,2000
382,546,2037,2094
36,599,2081,2109
898,261,2092,2010
943,207,2037,2116
583,770,2100,2081
745,319,2070,2109
268,333,2068,2028
49,864,2063,2050
163,867,2034,2041
749,543,2086,2084
121,188,2111,2112
864,286,2023,2018
672,70,2111,2011
136,425,2011,2086
139,791,2095,2019
535,786,2042,2000
510,601,2087,2101
425,909,2067,2087
266,488,2045,2054
186,74,2030,2024
689,391,2017,2003
186,413,2019,2019
68,386,2047,2027
869,517,2056,2099
288,399,2089,2060
18,532,2112,2044
250,656,2047,2115
543,980,2054,2075
938,20,2017,2092
727,566,2028,2054
547,731,2053,2021
561,174,2079,2021
414,65,2052,2070
877,258,2085,2101
732,4,2056,2000
645,109,2017,2048
721,250,2062,2108
471,153,2109,2095
958,698,2047,2034
968,691,2081,2006
675,319,2106,2083
257,869,2081,2043
610,242,2006,2068
393,494,2066,2048
984,977,2114,2093
264,779,2114,2003
166,725,2033,2046
654,374,2017,2110
405,159,2013,2083
604,476,2094,2118
799,726,2073,2095
28,810,2038,2104
839,446,2020,2023
963,507,2094,2023
402,826,2036,2071
544,753,2117,2048
931,221,2065,2059
768,862,2060,2009
221,283,2004,2106
257,996,2095,2017
940,266,2067,2010
382,580,2039,2090
659,486,2064,2057
835,60,2027,2104
26,173,2067,2097
641,795,2022,2001
598,196,2045,2089
869,671,2016,2042
651,13,2098,2053
51,918,2088,2028
343,525,2004,2023
819,931,2107,2026
679,355,2106,2091
970,119,2100,2109
1,87,2058,2071
483,365,2049,2049
460,806,2092,2110
114,933,2116,2013
304,819,2067,2091
824,182,2111,2077
803,209,2089,2079
920,227,2076,2049
487,655,2117,2119
162,95,2032,2033
521,750,2059,2065
870,35,2090,2112
304,467,2105,2078
847,714,2085,2100
975,129,2001,2103
40,693,2069,2115
874,386,2118,2065
983,885,2068,2082
843,10,2011,2015
145,874,2047,2119
245,812,2100,2035
863,421,2056,2080
532,94,2092,2103
990,644,2112,2038
525,419,2059,2007
226,702,2087,2104
811,919,2065,2114
587,207,2056,2119
722,231,2074,2114
947,494,2030,2003
593,522,2047,2076
328,33,2008,2051
286,765,2118,2043
453,464,2066,2063
49,214,2080,2051
466,805,2006,2047
899,804,2058,2115
413,370,2066,2005
907,533,2040,2011
411,507,2088,2115
653,417,2028,2043
392,772,2079,2021
863,435,2007,2025
863,711,2075,2057
389,436,2105,2079
404,275,2082,2030
228,209,2039,2047
30,543,2108,2048
203,707,2106,2079
411,726,2088,2003
274,951,2115,2096
468,378,2046,2002
184,42,2045,2016
393,716,2066,2113
28,629,2026,2075
316,467,2117,2036
241,509,2098,2032
293,985,2051,2091
438,506,2013,2001
546,794,2107,2086
472,116,2007,2075
330,33,2088,2090
803,196,2049,2000
823,553,2061,2100
499,801,2037,2024
19,113,2052,2006
65,754,2094,2018
15,589,2032,2067
776,972,2023,2042
703,861,2102,2059
620,486,2019,2097
945,397,2051,2063
293,882,2109,2045
825,547,2031,2104
380,891,2025,2060
593,879,2045,2116
590,692,2113,2108
898,245,2053,2099
113,670,2003,2081
709,756,2102,2060
892,394,2043,2058
910,754,2101,2014
763,959,2034,2026
695,918,2107,2072
793,472,2080,2057
938,154,2005,2116
818,977,2112,2044
450,995,2102,2005
612,865,2072,2113
593,153,2026,2094
583,327,2048,2053
387,566,2088,2004
891,570,2098,2047
682,812,2083,2057
865,919,2078,2007
731,707,2102,2049
368,16,2106,2098
740,580,2078,2061
187,324,2094,2070
867,674,2083,2055
614,282,2027,2077
446,636,2073,2008
525,304,2022,2052
738,679,2049,2016
877,731,2023,2088
477,778,2096,2116
64,845,2041,2100
316,86,2063,2006
387,561,2021,2110
404,533,2080,2049
940,414,2070,2047
865,449,2068,2093
739,0,2012,2000
727,526,2085,2008
475,218,2088,2011
609,148,2018,2006
819,778,2082,2118
756,400,2111,2059
653,220,2005,2038
780,54,2068,2061
941,813,2104,2041
419,3,2079,2095
176,799,2009,2042
76,863,2004,2086
110,250,2009,2116
941,81,2010,2098
676,532,2022,2057
300,573,2044,2054
475,958,2007,2039
111,403,2030,2058
130,994,2043,2090
955,312,2110,2031
286,36,2021,2040
994,68,2085,2111
780,705,2078,2047
119,23,2007,2022
70,202,2102,2024
855,848,2058,2065
291,874,2033,2003
0,460,2110,2053
988,790,2010,2087
399,747,2023,2067
738,849,2053,2030
622,47,2117,2006
391,38,2034,2102
713,184,2070,2097
898,593,2000,2030
289,319,2119,2049
43,125,2042,2057
54,611,2100,2063
115,115,2087,2014
224,832,2051,2010
86,167,2093,2117
462,767,2115,2052
211,407,2061,2085
850,586,2076,2049
247,386,2032,2007
810,411,2041,2054
418,115,2052,2023
771,654,2082,2044
7,979,2081,2058
316,890,2028,2030
438,925,2012,2004
526,434,2044,2044
137,866,2115,2011
900,47,2061,2009
613,397,2089,2046
692,342,2108,2012
319,904,2057,2062
297,325,2087,2079
633,890,2079,2049
213,565,2013,2045
971,551,2109,2073
766,519,2016,2089
199,813,2008,2058
791,148,2084,2043
702,231,2081,2096
951,707,2089,2078
908,40,2023,2015
629,266,2105,2103
47,825,2102,2050
724,626,2007,2008
486,583,2065,2040
829,427,2021,2021
742,93,2001,2075
35,182,2082,2030
900,224,2086,2096
948,708,2033,2070
524,316,2050,2093
0,166,2098,2106
314,731,2009,2103
580,713,2091,2109
12,135,2065,2054
204,924,2073,2039
311,841,2074,2054
319,380,2041,2074
820,251,2113,2106
521,106,2049,2076
591,740,2019,2099
460,950,2060,2065
274,399,2101,2070
942,568,2054,2051
126,523,2059,2077
121,324,2086,2061
317,951,2117,2079
408,627,2024,2087
936,665,2011,2095
891,233,2007,2059
433,742,2047,2115
580,953,2081,2077
247,858,2114,2053
687,186,2095,2023
709,833,2038,2100
48,245,2107,2000
558,183,2042,2112
21,374,2118,2023
252,748,2089,2106
501,978,2017,2103
560,886,2022,2058
506,777,2114,2054
742,245,2042,2051
404,522,2101,2036
621,514,2042,2025
821,105,2015,2042
470,758,2025,2060
426,690,2112,2113
335,197,2036,2054
531,757,2065,2024
84,322,2003,2042
114,784,2035,2059
949,212,2062,2000
410,165,2097,2006
71,631,2114,2029
714,975,2099,2050
586,663,2040,2069
705,998,2088,2001
987,189,2002,2005
279,275,2084,2079
212,348,2100,2081
171,712,2011,2100
876,849,2116,2113
140,889,2094,2057
895,999,2019,2073
191,289,2104,2066
439,572,2100,2032
51,821,2017,2068
924,123,2056,2041
648,2,2044,2065
781,174,2097,2028
391,604,2015,2103
524,169,2062,2109
172,227,2039,2116
540,29,2086,2017
754,509,2118,2070
262,22,2060,2008
106,919,2089,2017
82,976,2099,2027
45,844,2047,2080
280,788,2066,2005
719,353,2094,2085
559,772,2060,2038
483,999,2065,2065
290,977,2087,2035
942,579,2087,2006
240,791,2014,2003
94,126,2043,2072
181,541,2064,2019
973,39,2103,2097
329,417,2018,2107
264,419,2062,2061
299,279,2092,2067
509,194,2108,2114
961,91,2067,2088
366,619,2022,2028
98,216,2081,2077
155,309,2015,2040
113,370,2032,2050
911,48,2015,2052
8,196,2092,2033
159,744,2025,2038
6,662,2118,2106
690,276,2091,2013
777,581,2075,2101
839,364,2044,2033
365,822,2024,2103
113,347,2052,2075
493,587,2053,2025
285,779,2059,2060
697,966,2076,2016
578,886,2118,2037
462,598,2008,2086
858,935,2037,2064
186,733,2085,2118
482,963,2116,2049
672,597,2116,2118
351,549,2068,2021
31,614,2089,2043
717,380,2015,2086
938,271,2098,2013
338,544,2057,2040
290,362,2100,2000
123,30,2109,2095
560,37,2074,2029
402,926,2012,2082
993,691,2084,2082
909,629,2101,2007
658,486,2100,2069
858,929,2095,2056
347,951,2040,2011
652,824,2004,2054
70,6,2079,2032
863,310,2009,2052
925,596,2115,2014
205,884,2103,2107
151,185,2043,2034
389,259,2075,2071
801,605,2017,2026
380,455,2053,2107
183,641,2081,2027
15,806,2110,2084
603,373,2099,2103
860,316,2091,2029
666,957,2038,2004
728,542,2091,2019
708,706,2000,2055
678,553,2117,2029
231,276,2060,2004
863,501,2018,2112
404,653,2059,2037
12,658,2051,2003
665,72,2068,2019
756,538,2033,2085
780,329,2070,2023
943,190,2040,2101
375,815,2080,2102
474,542,2093,2047
147,417,2092,2062
70,936,2025,2097
57,232,2079,2107
303,545,2049,2047
335,313,2081,2106
629,246,2071,2048
213,241,2007,2093
911,428,2058,2080
734,114,2067,2067
880,692,2095,2002
880,397,2026,2038
681,125,2059,2102
209,898,2011,2106
570,396,2050,2003
242,60,2072,2104
922,974,2066,2019
520,510,2112,2086
127,438,2094,2111
16,34,2026,2071
338,854,2094,2001
391,217,2060,2052
725,213,2038,2119
568,266,2117,2038
778,211,2069,2039
556,280,2070,2110
743,638,2033,2030
619,891,2046,2016
78,455,2010,2063
991,394,2050,2100
404,838,2003,2054
175,180,2041,2114
96,781,2033,2080
515,643,2038,2013
592,542,2020,2078
68,489,2071,2091
698,323,2003,2113
657,146,2075,2086
107,542,2066,2057
563,56,2040,2107
103,138,2090,2044
486,461,2109,2035
683,636,2069,2095
555,278,2037,2101
761,927,2099,2048
607,769,2047,2025
445,399,2074,2092
492,962,2090,2115
1,334,2051,2059
569,667,2076,2085
329,76,2009,2072
861,781,2061,2014
596,726,2049,2016
492,611,2050,2058
96,693,2096,2074
759,900,2057,2017
23,20,2025,2020
956,359,2102,2113
20,344,2031,2006
871,337,2081,2030
646,42,2079,2063
50,805,2000,2005
921,231,2068,2013
754,251,2082,2063
302,361,2094,2006
290,784,2041,2017
851,369,2061,2033
68,440,2069,2013
242,846,2107,2108
109,597,2113,2026
892,936,2090,2102
214,934,2098,2050
727,288,2068,2106
601,9,2010,2093
614,52,2088,2013
191,511,2073,2064
563,96,2041,2114
499,985,2003,2059
607,297,2106,2109
629,715,2044,2100
649,964,2078,2042
270,443,2082,2004
406,56,2001,2113
119,126,2034,2021
285,428,2010,2030
4,1,2021,2038
863,208,2000,2105
804,320,2024,2018
516,905,2086,2096
802,714,2080,2118
621,688,2045,2068
999,905,2026,2085
501,67,2068,2119
392,510,2101,2089
882,400,2077,2052
868,34,2069,2032
550,757,2000,2020
205,122,2066,2102
789,875,2059,2114
458,163,2112,2011
542,50,2057,2109
507,184,2008,2031
373,218,2002,2009
815,174,2086,2064
424,63,2077,2075
749,979,2104,2013
909,613,2025,2098
101,624,2056,2108
320,641,2106,2012
929,922,2008,2053
25,318,2105,2078
31,925,2097,2119
355,607,2005,2080
74,529,2114,2091
966,694,2024,2117
198,674,2099,2028
84,620,2036,2077
179,335,2028,2006
668,314,2036,2044
789,476,2087,2058
266,212,2105,2048
742,979,2100,2075
823,930,2069,2043
510,841,2080,2094
890,867,2110,2052
104,947,2000,2024
158,457,2094,2080
421,221,2011,2106
974,227,2058,2102
164,184,2084,2019
40,166,2091,2073
386,723,2007,2024
109,541,2088,2068
413,733,2029,2045
969,999,2103,2055
461,822,2039,2007
539,10,2047,2064
383,905,2116,2036
190,541,2072,2064
503,26,2048,2039
670,403,2005,2033
680,813,2091,2048
144,637,2010,2003
730,930,2059,2078
457,61,2069,2009
662,12,2067,2046
589,210,2019,2089
560,706,2002,2061
771,737,2060,2078
127,353,2008,2112
580,296,2083,2097
176,466,2023,2044
838,847,2100,2087
643,619,2062,2099
896,748,2113,2118
912,5,2092,2056
538,550,2029,2034
773,97,2082,2078
919,253,2085,2021
476,914,2091,2042
773,384,2109,2099
598,955,2091,2092
558,345,2107,2000
705,377,2112,2067
753,817,2027,2031
531,909,2092,2015
520,179,2084,2066
795,39,2059,2097
11,777,2025,2058
545,783,2118,2106
612,765,2006,2003
944,983,2009,2018
289,624,2055,2084
982,600,2093,2030
313,396,2052,2118
156,612,2096,2111
45,994,2069,2104
343,395,2029,2053
510,840,2053,2072
702,498,2086,2026
24,4,2040,2024
789,448,2040,2040
215,449,2065,2032
827,608,2081,2112
159,791,2012,2096
693,844,2083,2006
954,242,2054,2053
605,666,2009,2002
82,58,2046,2095
318,474,2036,2081
38,992,2019,2042
650,625,2006,2060
792,248,2080,2028
664,212,2032,2065
637,443,2011,2021
385,790,2019,2092
262,563,2068,2092
906,77,2062,2032
782,774,2079,2006
135,312,2048,2022
7,813,2070,2089
768,127,2114,2022
259,738,2093,2032
583,677,2007,2064
676,202,2038,2092
605,572,2066,2093
830,167,2026,2099
130,296,2094,2053
589,215,2059,2045
612,491,2109,2084
389,177,2040,2115
704,0,2074,2111
824,446,2014,2013
38,485,2090,2030
513,445,2053,2072
822,877,2003,2034
89,927,2112,2114
788,35,2060,2087
974,42,2007,2087
796,826,2034,2070
610,312,2067,2088
168,985,2008,2079
871,762,2048,2021
126,105,2073,2049
665,40,2096,2025
672,538,2104,2098
271,824,2071,2067
134,2,2060,2055
346,531,2026,2096
347,8,2054,2040
459,451,2018,2076
486,819,2003,2039
548,322,2106,2091
344,965,2108,2053
288,740,2111,2060
50,886,2048,2054
84,110,2054,2041
214,947,2011,2000
195,648,2011,2087
41,193,2053,2043
614,350,2064,2080
210,380,2056,2065
456,149,2026,2006
343,159,2058,2054
555,500,2007,2081
329,729,2048,2018
855,129,2101,2003
71,493,2107,2065
581,16,2092,2112
124,500,2087,2091
982,29,2051,2012
883,292,2060,2106
347,193,2046,2062
177,969,2056,2065
252,778,2116,2043
555,469,2083,2076
831,273,2109,2097
646,790,2067,2101
538,258,2000,2008
159,892,2042,2061
300,262,2076,2116
766,256,2090,2012
637,197,2061,2017
455,619,2109,2107
414,493,2021,2019
